
Rmag	          Bmag	  (B-R)	Speak	Sint
1.235275877	1.23299611	-0.09	66.8	218.76
1.225309282	1.246252312	0.83	15.8	15.78
1.22685757	1.235275877	0.33	266.98	300.35
1.198657087	1.198657087	0	71.9	93.1
1.164947373	1.175511813	0.36	10.43	10.78
1.238297068	1.243286146	0.2	1506.51	1533.45
1.234770295	1.241546481	0.27	2.18	2.25
1.249442961	1.273695588	1.02	302.28	329.81
1.234264124	1.241546481	0.29	7.28	7.83
1.240299582	1.250175948	0.4	4.43	4.44
1.230704314	1.24674471	0.64	145.26	147.74
1.24674471	1.272073788	1.05	7.89	7.9
1.24674471	1.254548077	0.33	22.76	23.58
1.235275877	1.249442961	0.57	1.64	0.97
1.230704314	1.25163822	0.85	37.99	38.85
1.249442961	1.294906911	1.96	97.17	102.36
1.243038049	1.249442961	0.26	1.11	0.88
1.179838928	1.183554534	0.14	16.96	16.79
1.236789099	1.250663919	0.56	6.83	6.47
1.250420002	1.259354927	0.37	1.17	1.26
1.227115083	1.238046103	0.43	1.48	1.17
1.240798771	1.248953615	0.32	1.81	2.15
1.216693599	1.249687428	1.3	1.66	1.2
1.237794993	1.258397804	0.85	1.24	1.42
1.155639634	1.182414652	0.9	3.5	3.63
1.248953615	1.251151343	0.09	4.72	4.9
1.246005904	1.260548373	0.59	1.42	1.3
1.227115083	1.235023159	0.31	5.7	5.73
1.239549721	1.240299582	0.02	1.05	0.95
1.215901813	1.217483944	0.06	2051.49	2071.27
1.250420002	1.275541688	1.06	24.11	25.18
1.238547888	1.244524512	0.24	1.71	1.02
1.196452542	1.194236749	-0.08	1.02	0.81
1.246252312	1.249931757	0.15	51.66	61.83
1.24723655	1.247973266	0.04	93.72	94.9
1.236033147	1.243038049	0.28	1113.79	1244.87
1.209246849	1.234264124	0.96	32.83	33.62
1.183554534	1.184691431	0.04	614.67	632.74
1.245265839	1.246498581	0.06	98.52	126.82
1.237543738	1.249931757	0.51	1.62	1.31
1.236285277	1.249931757	0.54	3.07	2.68
1.232233521	1.261738547	1.2	2.06	1.48
1.234264124	1.258397804	0.98	15.29	15.2
1.19368103	1.206015877	0.45	1.31	0.82
1.230959556	1.235023159	0.15	2.06	2.22
1.184407485	1.191730393	0.27	1	1.16
1.202215776	1.225825991	0.89	1.13	1.27
1.23325001	1.244029589	0.43	44.75	46.47
1.1430148	1.142076461	-0.03	10.8	11.56
1.233757363	1.252124553	0.74	13.72	13.91
1.235023159	1.248953615	0.56	161.38	182.2
1.225825991	1.252853031	1.08	2.88	2.68
1.240299582	1.257438567	0.7	3.48	3.68
1.243038049	1.256717746	0.56	1.95	1.49
1.250420002	1.273464273	0.97	589.58	608.29
1.234770295	1.245018871	0.4	1.17	1.67
1.231979027	1.245265839	0.53	21.48	21.87
1.216693599	1.237543738	0.81	2.21	2.45
1.215901813	1.22685757	0.42	12.84	14.35
1.241297387	1.255272505	0.57	1.62	1.82
1.232487866	1.249442961	0.69	1.76	1.6
1.246990699	1.268343914	0.89	18.32	18.41
1.248708736	1.258876629	0.42	126.85	136.64
1.244029589	1.260309946	0.67	5.15	4.65
1.243534102	1.25358029	0.41	1.64	2.63
1.203304916	1.214843848	0.44	3.62	3.15
1.214843848	1.229425848	0.56	5.02	4.45
1.207634367	1.225825991	0.69	10.02	10.1
1.230193379	1.2509077	0.83	1	2.08
1.219584526	1.229937686	0.4	85.41	89.98
1.229681842	1.232233521	0.1	1.01	1.3
1.248953615	1.265760917	0.71	13.64	13.64
1.243781916	1.261262869	0.72	1.93	1.08
1.232742063	1.236537261	0.14	87.01	174.72
1.243038049	1.248953615	0.24	1403.96	1456.09
1.246498581	1.254064453	0.31	4.59	5.11
1.212187604	1.232742063	0.79	835.48	885.66
1.189490314	1.219060332	1.1	11.78	11.73
1.23146959	1.25139485	0.79	1.64	1.73
1.249442961	1.249687428	0.01	27.22	29.88
1.197556213	1.205204364	0.28	1.84	1.76
1.242789809	1.241048151	-0.07	300.48	304.39
1.236789099	1.250663919	0.55	424.23	443.13
1.240549248	1.250420002	0.41	422.63	446.21
1.209515015	1.243781916	1.34	1.63	1
1.208978517	1.227372442	0.7	6.01	5.66
1.236537261	1.25791845	0.87	2.57	2.17
1.214843848	1.234770295	0.77	1.58	1.38
1.247973266	1.275541688	1.15	184.89	185.49
1.236285277	1.242044239	0.24	1.69	1.2
1.233757363	1.248708736	0.6	1.71	1.55
1.213517757	1.218535505	0.2	1.02	1.26
1.236033147	1.245759356	0.39	71.73	72.97
1.240549248	1.245265839	0.19	1.09	0.78
1.232487866	1.241297387	0.36	20.69	21.29
1.225309282	1.23146959	0.24	2.67	2.38
1.222716471	1.247727833	0.99	1.52	1.71
1.248708736	1.268343914	0.82	32	32.35
1.244771761	1.253338005	0.35	1.73	1.26
1.246252312	1.287353773	1.75	1.29	0.84
1.22685757	1.227115083	0.02	34.28	39.24
1.227115083	1.235528447	0.33	105.35	107.31
1.242044239	1.246498581	0.18	190.44	195.06
1.244029589	1.251881455	0.32	1.25	0.88
1.246990699	1.244771761	-0.09	8.57	17.49
1.221153322	1.244524512	0.93	1.81	1.5
1.249931757	1.284656283	1.48	7.84	7.46
1.236033147	1.235528447	-0.02	250.93	265.93
1.240049772	1.259593879	0.81	202.6	207.22
1.246252312	1.256236533	0.41	16.98	17.8
1.223755454	1.241297387	0.7	1.22	0.88
1.234517284	1.255031163	0.83	2.06	2.09
1.246252312	1.254064453	0.31	2	2.01
1.225309282	1.235528447	0.4	26.7	27
1.242044239	1.246498581	0.17	8.1	8.33
1.247482261	1.28171497	1.45	3.99	4.33
1.246498581	1.255031163	0.35	8.83	9.41
1.238547888	1.244524512	0.24	4.11	3.35
1.248953615	1.255513713	0.26	13.08	13.27
1.232742063	1.236285277	0.14	9.16	9.3
1.245759356	1.253095586	0.3	43.19	43.43
1.220369632	1.221674997	0.05	1.4	0.94
1.242789809	1.255995727	0.53	4.85	4.97
1.249931757	1.261262869	0.47	4.26	3.91
1.246498581	1.29136885	1.92	2.2	2.44
1.241795431	1.267640982	1.07	119.85	120.71
1.241297387	1.251151343	0.39	4.68	4.41
1.235275877	1.252610341	0.7	3.87	5.75
1.250175948	1.251151343	0.03	20.93	21.55
1.232487866	1.244524512	0.48	1.54	2.1
1.234770295	1.238798563	0.16	27.45	28.3
1.229169703	1.254306332	1.01	27.15	28.51
1.214313897	1.241546481	1.06	3.6	3.21
1.237543738	1.246252312	0.35	2.45	2.65
1.24674471	1.262925469	0.67	1.12	0.93
1.248463718	1.272537777	1.01	62.16	63.3
1.224533063	1.244771761	0.8	1.73	2.02
1.236285277	1.2509077	0.6	1.04	0.91
1.249931757	1.258637283	0.36	1.39	2.12
1.236033147	1.259832699	0.97	11.16	11.86
1.236537261	1.26810973	1.3	1.25	1.83
1.22762965	1.24674471	0.76	3.54	3.63
1.228400359	1.23578087	0.28	1.41	1.56
1.235023159	1.258876629	0.97	26.33	31.69
1.237040791	1.262213705	1.03	1.01	1.18
1.22685757	1.245018871	0.71	1.04	1.2
1.229937686	1.244771761	0.59	1439.97	1537.07
1.19838213	1.223495941	0.94	28.12	28.52
1.209515015	1.210586025	0.04	1.48	2.03
1.226599905	1.246252312	0.78	1.16	1.11
1.219322508	1.224533063	0.2	32.49	34.61
1.2219356	1.234770295	0.5	18.13	19.83
1.220631019	1.226084116	0.21	128.43	131.85
1.227115083	1.242789809	0.62	4.97	4.45
1.231214648	1.234517284	0.13	35.73	36.61
1.233757363	1.239549721	0.23	9.28	9.71
1.20709554	1.228656958	0.82	1041.77	1069.98
1.246252312	1.266466895	0.84	136.1	140.49
1.197004728	1.192009593	-0.18	1204.19	1228.71
1.229169703	1.256477206	1.1	14.55	14.85
1.245512668	1.242044239	-0.13	3.41	3.4
1.246498581	1.254789687	0.33	79.49	82.16
1.225050696	1.260309946	1.42	5.58	5.3
1.229681842	1.22762965	-0.08	9.09	9
1.238547888	1.25139485	0.52	6.75	6.76
1.245265839	1.249687428	0.18	1.15	0.96
1.223236273	1.243781916	0.8	19.92	19.79
1.230448921	1.255754787	1.02	33.93	36.95
1.213783299	1.227886705	0.54	3.4	2.66
1.2219356	1.25163822	1.18	1.29	1.07
1.234770295	1.237794993	0.11	13.83	13.3
1.228656958	1.25163822	0.93	33.01	34.77
1.207634367	1.216957207	0.35	1.54	0.99
1.206556044	1.21031852	0.14	258.74	340.26
1.237040791	1.238046103	0.04	172.71	196.33
1.241795431	1.256958153	0.62	26.45	27.61
1.242789809	1.255272505	0.51	208.11	208.02
1.230448921	1.24723655	0.67	1.09	1.08
1.201943063	1.221414238	0.73	500.27	517.34
1.234517284	1.247973266	0.54	29.51	29.85
1.248708736	1.245759356	-0.12	3.28	3.2
1.241297387	1.257438567	0.66	571.31	582.58
1.241297387	1.236285277	-0.2	32.69	34.78
1.197280558	1.220369632	0.86	2.27	2.44
1.248953615	1.272537777	0.99	2.71	2.38
1.225825991	1.231724383	0.23	317.1	392.03
1.231214648	1.273232834	1.73	1.43	1.41
1.225309282	1.242044239	0.66	907.01	919.28
1.214843848	1.234264124	0.75	41.28	57.53
1.227886705	1.243286146	0.61	807.88	1078.67
1.244524512	1.257198426	0.52	8.29	8.31
1.239299479	1.254789687	0.63	62.13	65.13
1.208172527	1.23325001	0.96	1.07	0.82
1.232742063	1.263162465	1.24	1.74	1.82
1.242541428	1.262688344	0.84	3.03	2.54
1.208441356	1.234010818	0.97	47.56	49.15
1.186673867	1.211387553	0.9	58.74	63.45
1.248708736	1.270911639	0.92	2.45	2.03
1.24674471	1.265760917	0.79	406.68	432.65
1.204662512	1.216165902	0.43	2.06	2.23
1.238798563	1.23299611	-0.23	23.03	22.88
1.247482261	1.248218561	0.03	34.87	36.63
1.215108581	1.211921084	-0.12	52.76	54.26
1.227115083	1.244771761	0.7	97.26	118.51
1.250175948	1.243038049	-0.29	26.23	26.71
1.23299611	1.234010818	0.04	17.47	17.46
1.228656958	1.276921132	1.99	1.19	1.43
1.242044239	1.271144318	1.22	2.76	2.44
1.246252312	1.270445908	1	53.61	116.94
1.244277121	1.254306332	0.41	11.39	11.8
1.217747073	1.236285277	0.72	14.61	15
1.234770295	1.251881455	0.68	8.74	9.86
1.231724383	1.236537261	0.19	35.95	35.93
1.221674997	1.245512668	0.93	1.56	1.67
1.244029589	1.260548373	0.68	2.66	2.49
1.242292905	1.270678836	1.17	32.86	33.01
1.248463718	1.250663919	0.08	1.51	0.97
1.240549248	1.265525335	1.03	4.95	5.53
1.230448921	1.254064453	0.95	10.35	10.27
1.222716471	1.22762965	0.19	12.81	13.41
1.241546481	1.260071388	0.76	1	1.29
1.249931757	1.266466895	0.69	1.73	1.53
1.241546481	1.256958153	0.63	47.4	52.59
1.228656958	1.264345507	1.45	2.99	3.02
1.225825991	1.244524512	0.74	2.79	3.15
1.230193379	1.271144318	1.68	9.07	9.06
1.239799818	1.250175948	0.42	13.99	15.18
1.245018871	1.255272505	0.42	10.4	11.1
1.225825991	1.239799818	0.55	19.43	20.9
1.243781916	1.266936911	0.96	13.84	14.87
1.242541428	1.268343914	1.07	1.45	1.29
1.241546481	1.249198357	0.31	107.39	117.78
1.230193379	1.250663919	0.82	11.82	15.23
1.241795431	1.259832699	0.74	1.57	1.61
1.217483944	1.241795431	0.96	46.17	48.36
1.23578087	1.273695588	1.57	2.05	1.79
1.239299479	1.247973266	0.35	107.68	108.99
1.194791758	1.235528447	1.53	5.33	5.42
1.217220656	1.234264124	0.66	1.69	1.92
1.219060332	1.235023159	0.62	3.03	2.82
1.248218561	1.253095586	0.21	10.87	10.31
1.250175948	1.271841607	0.91	1.9	1.7
1.238297068	1.254789687	0.67	20.08	22.77
1.246005904	1.264109156	0.76	1.14	0.88
1.249198357	1.252610341	0.14	25.67	26.01
1.244277121	1.261262869	0.7	15.32	17.27
1.236789099	1.237292338	0.02	2.25	1.94
1.248463718	1.259354927	0.45	7.75	7.17
1.238798563	1.24674471	0.32	2.39	2.21
1.247973266	1.258876629	0.45	10.44	10.57
1.249931757	1.258158193	0.35	11.81	11.75
1.231979027	1.238297068	0.24	90.58	92.75
1.240549248	1.260071388	0.8	100.54	100.76
1.219584526	1.219060332	-0.02	1.09	0.9
1.232487866	1.259832699	1.11	12.64	12.87
1.213517757	1.223495941	0.38	10.06	10.02
1.239049093	1.255995727	0.69	24.72	38.13
1.212187604	1.23350376	0.83	1.14	1.1
1.209246849	1.223236273	0.53	2.18	1.86
1.231979027	1.241795431	0.39	12.85	13.17
1.235528447	1.25163822	0.66	1.73	1.39
1.246252312	1.274157849	1.16	150.88	156.62
1.243286146	1.255754787	0.51	1.11	1.77
1.241297387	1.25358029	0.5	6.21	6
1.241546481	1.224014811	-0.69	20.7	20.54
1.200029267	1.208172527	0.3	1.86	2.09
1.24674471	1.243038049	-0.15	11.37	10.92
1.188928484	1.208978517	0.73	2	2.72
1.245265839	1.249687428	0.18	1.07	0.85
1.233757363	1.245265839	0.45	16.15	17.82
1.220892249	1.234010818	0.51	9.73	9.58
1.2219356	1.23299611	0.44	3.34	2.89
1.242541428	1.247482261	0.2	1.28	0.96
1.23578087	1.234010818	-0.07	306.09	847.49
1.237794993	1.238547888	0.03	30.31	31.21
1.194236749	1.205745541	0.42	5.38	4.89
1.204119983	1.223495941	0.72	1.66	1.27
1.245018871	1.261738547	0.68	1.15	1.66
1.216693599	1.234264124	0.67	1.91	1.81
1.232233521	1.240798771	0.34	2.33	2.17
1.232233521	1.242541428	0.41	13.98	14.36
1.23146959	1.241795431	0.41	100.26	101.5
1.168497484	1.200303183	1.12	2.74	1.78
1.218535505	1.245018871	1.04	34.77	37.12
1.228400359	1.241297387	0.52	294.5	303.72
1.2219356	1.229937686	0.31	48.24	51.3
1.218010043	1.243781916	1.01	2.65	3.21
1.242044239	1.282395505	1.7	5.73	5.63
1.249687428	1.272073788	0.94	6.62	7.2
1.241795431	1.253095586	0.47	98.64	229.85
1.216429831	1.255272505	1.54	13.96	14.22
1.215108581	1.231724383	0.64	21.6	22.76
1.22762965	1.235023159	0.29	6.16	6.57
1.176669933	1.190331698	0.48	10.93	10.79
1.217220656	1.227115083	0.38	391.6	656.16
1.240299582	1.256958153	0.68	6.65	6.58
1.228656958	1.238046103	0.37	29.02	32.92
1.197280558	1.208978517	0.43	187.17	190.31
1.230448921	1.259832699	1.2	122.66	130.32
1.217483944	1.23350376	0.62	61.74	63.2
1.243038049	1.260309946	0.7	1.4	1.07
1.240049772	1.250175948	0.4	6.75	6.75
1.246990699	1.284656283	1.6	16.71	18.14
1.23350376	1.250663919	0.7	4.1	3.98
1.231214648	1.259354927	1.14	1.53	1.41
1.239799818	1.259832699	0.82	2.22	2.01
1.205475037	1.230448921	0.94	1855.8	1952.59
1.182129214	1.216165902	1.24	2.03	1.46
1.236285277	1.239299479	0.12	61.67	63.84
1.238297068	1.242044239	0.15	16.29	17.24
1.211120541	1.234517284	0.9	6.24	5.57
1.243534102	1.265760917	0.92	6.32	6.59
1.249687428	1.270212855	0.86	2.23	2.07
1.245759356	1.258637283	0.53	1.22	1.37
1.242541428	1.256236533	0.56	8.07	8.13
1.221414238	1.230193379	0.34	1.66	1.95
1.248708736	1.264109156	0.64	1.95	2.13
1.213252052	1.219322508	0.23	19.15	22.04
1.219846386	1.229681842	0.39	1372.84	1417.99
1.200576927	1.231214648	1.16	2.61	2.9
1.244277121	1.232487866	-0.47	2.15	1.78
1.224274014	1.239799818	0.62	8.69	8.67
1.243286146	1.249442961	0.25	183.25	188.85
1.212720154	1.217220656	0.17	2.02	2.23
1.226084116	1.243286146	0.68	1.46	0.82
1.244029589	1.250175948	0.26	39.84	41.56
1.235275877	1.24674471	0.45	4.35	7.59
1.208441356	1.212720154	0.16	3.86	5.69
1.203032887	1.221414238	0.69	6.87	8.32
1.213517757	1.230704314	0.66	1.49	2.81
1.225825991	1.273001272	1.93	6.54	6.42
1.190611798	1.200850498	0.37	315.34	323.78
1.215108581	1.225825991	0.42	2.42	1.99
1.237040791	1.255031163	0.73	1.18	1.89
1.202215776	1.222716471	0.77	93.78	97.85
1.172310969	1.203032887	1.09	3.5	3.68
1.245018871	1.257678575	0.52	2.66	2.54
1.240549248	1.256477206	0.66	3.7	3.72
1.241795431	1.271609301	1.24	1.14	2.65
1.209783015	1.226342087	0.63	1.09	0.74
1.237292338	1.249687428	0.5	510.65	547.28
1.237292338	1.245512668	0.33	16.25	16.97
1.24674471	1.284430734	1.59	1.12	1.15
1.250420002	1.270678836	0.85	56.64	65.61
1.213517757	1.226084116	0.48	30.16	32.36
1.244524512	1.259115844	0.6	1.44	2.18
1.220108088	1.234264124	0.55	1.88	1.23
1.234010818	1.254548077	0.82	77.07	132.09
1.224014811	1.269746373	1.86	2.36	2.93
1.248218561	1.263872677	0.65	70.33	73.42
1.229681842	1.239799818	0.41	1.37	0.76
1.242789809	1.248463718	0.23	60.91	61.78
1.215373153	1.22297645	0.29	1.76	1.6
1.229681842	1.252610341	0.92	2.05	2.1
1.240299582	1.249198357	0.36	43.38	44.17
1.246498581	1.264817823	0.76	690.34	716.97
1.245018871	1.266936911	0.91	10.8	14.08
1.222456337	1.242292905	0.78	4.16	3.71
1.240549248	1.265289626	1.02	15.55	21.48
1.206825876	1.228143608	0.81	10.56	12.25
1.232233521	1.248953615	0.66	192.1	195.64
1.244524512	1.255272505	0.44	7.38	7.31
1.245265839	1.264345507	0.79	17.22	20.99
1.212986185	1.232487866	0.75	1.52	0.99
1.232233521	1.258876629	1.08	10.48	10.15
1.23350376	1.243286146	0.38	22.21	23.56
1.196176185	1.205745541	0.35	4.45	3.77
1.245265839	1.263162465	0.75	4.46	4.52
1.236285277	1.256958153	0.84	32.19	33.45
1.236537261	1.255513713	0.77	1.2	1.1
1.236537261	1.252124553	0.64	1.72	1.81
1.246498581	1.256477206	0.41	1.99	2.13
1.248708736	1.258158193	0.38	17.23	17.77
1.216693599	1.232487866	0.61	243.42	245.97
1.235528447	1.240798771	0.2	1.2	1.53
1.229169703	1.25139485	0.89	43.27	44.12
1.180985581	1.200303183	0.7	43.92	44.72
1.223495941	1.23299611	0.38	2.48	2.44
1.242789809	1.261500773	0.77	7.53	7.22
1.24674471	1.266231697	0.81	7.07	7.3
1.250420002	1.26927939	0.79	473.47	614.98
1.243534102	1.254789687	0.46	22.35	23.51
1.247482261	1.248708736	0.05	8.73	8.43
1.219322508	1.230959556	0.45	2.62	1.81
1.236285277	1.261024834	1.01	101.01	102.01
1.203848464	1.254548077	1.99	1.54	2.73
1.242789809	1.273464273	1.27	99.39	100.53
1.240549248	1.2757719	1.47	4.89	4.41
1.228913406	1.245759356	0.67	1.31	0.84
1.239299479	1.252610341	0.54	1.55	0.89
1.23146959	1.249442961	0.72	1.75	1.07
1.231979027	1.259354927	1.11	46.87	46.94
1.24723655	1.268577972	0.88	1.4	1.24
1.232233521	1.253338005	0.85	16.32	22.46
1.242541428	1.267640982	1.03	6.48	6.19
1.218010043	1.260786669	1.72	6826.39	6999.01
1.22762965	1.236285277	0.34	14777.96	15023.95
1.238547888	1.259354927	0.84	6.61	6.8
1.23578087	1.245759356	0.4	16.63	17.5
1.239299479	1.255995727	0.67	15.26	16.09
1.235528447	1.26245109	1.1	2.47	1.95
1.226342087	1.25139485	1	13.17	13.31
1.237040791	1.249931757	0.52	21.27	22.39
0.908485019	0.962369336	1.07	1.68	2.47
1.234010818	1.273232834	1.62	1.33	1.61
1.230193379	1.244771761	0.58	17.89	18.99
1.246005904	1.259354927	0.54	52.49	57.42
1.212720154	1.223495941	0.41	24.5	25.42
1.244771761	1.257438567	0.53	65.57	68.41
1.208978517	1.225567713	0.63	217.37	246.65
1.242044239	1.258637283	0.69	11.51	11
1.244277121	1.251881455	0.31	13.9	14.62
1.240299582	1.251151343	0.44	1.19	0.67
1.24723655	1.263872677	0.69	845.79	853.81
1.248953615	1.273001272	1.01	17.2	18.7
1.247973266	1.267640982	0.82	1.24	1.37
1.244029589	1.282622113	1.63	1.11	1.99
1.198106999	1.21031852	0.45	15.42	15.88
1.243286146	1.24723655	0.16	72.45	78.07
1.242789809	1.251151343	0.34	22.49	23.53
1.243286146	1.238046103	-0.2	77.34	123.44
1.167317335	1.187802639	0.71	1.7	1.57
1.235528447	1.248463718	0.52	22.35	23.63
1.246252312	1.256717746	0.42	16.36	16.38
1.237040791	1.259115844	0.9	1.74	1.54
1.21031852	1.22297645	0.48	23.47	24.31
1.237040791	1.254789687	0.72	44.2	45.04
1.247727833	1.273232834	1.07	1.82	1.17
1.239299479	1.26904571	1.23	1.55	2.02
1.231979027	1.244771761	0.52	2.15	2.1
1.249687428	1.25163822	0.09	1.18	2.2
1.206286044	1.224791956	0.71	1.04	1.5
1.233757363	1.272073788	1.57	1.02	1.23
1.229937686	1.237040791	0.28	5.21	4.91
1.186673867	1.198106999	0.42	1.19	0.75
1.235275877	1.239049093	0.15	1.18	0.74
1.208441356	1.234517284	1	67.51	67.69
1.231214648	1.265760917	1.41	2.91	2.87
1.238046103	1.278753601	1.69	3.34	3.21
1.183554534	1.219584526	1.32	3.59	3.02
1.186956335	1.194236749	0.27	8.85	9.19
1.24723655	1.243286146	-0.16	4	4.09
1.218535505	1.240549248	0.86	71.17	72.31
1.245512668	1.264817823	0.8	17.79	18.74
1.241297387	1.263162465	0.9	406.3	409.69
1.247727833	1.265760917	0.76	2.94	2.6
1.248708736	1.268811904	0.84	29.33	30.53
1.243286146	1.25358029	0.42	43.26	48.27
1.242789809	1.248463718	0.23	1.02	2.61
1.203576775	1.214048679	0.39	1.73	1.25
1.20709554	1.212187604	0.19	7.39	7.37
1.231979027	1.261976191	1.23	1.17	0.99
1.224791956	1.261024834	1.47	1.27	1.17
1.248708736	1.272769587	1.02	94.32	97.91
1.224274014	1.227115083	0.11	4.73	5.21
1.23299611	1.243286146	0.41	46.79	48.74
1.234010818	1.242292905	0.32	412.83	425.66
0.860338007	0.923244019	1.13	2.53	6.41
1.213252052	1.219584526	0.24	8.71	8.16
1.231979027	1.246498581	0.58	121.14	320.88
1.231724383	1.249931757	0.73	26.26	26.66
1.231214648	1.242789809	0.46	1.03	0.77
1.24674471	1.280805928	1.44	21.6	22.55
1.247482261	1.27989498	1.37	2.58	2.98
1.19838213	1.19838213	0	42.72	44.67
1.246498581	1.264109156	0.72	1.79	1.94
1.244029589	1.248708736	0.2	6.82	6.75
1.233757363	1.260071388	1.07	359.79	382.67
1.240798771	1.258397804	0.72	1.33	1.26
1.194791758	1.220892249	0.97	207.87	210.04
1.220892249	1.23146959	0.42	88.27	91.21
1.235528447	1.267640982	1.31	4.56	4.07
1.215637563	1.224274014	0.33	1.22	0.65
1.239299479	1.256717746	0.71	257.11	261.66
1.232233521	1.259832699	1.12	1.94	1.83
1.230704314	1.266231697	1.45	1.43	1.67
1.246498581	1.26927939	0.96	7.84	9.45
1.242789809	1.242044239	-0.02	34.25	35.08
1.249198357	1.256477206	0.29	60.37	60.32
1.242789809	1.248218561	0.22	16.53	53.48
1.248953615	1.272537777	0.99	1.01	0.74
1.248953615	1.271609301	0.95	4.2	4.2
1.245512668	1.259593879	0.59	22.48	24.27
1.231214648	1.235023159	0.15	54.22	56.71
1.248708736	1.261738547	0.54	5.71	5.44
1.23146959	1.242044239	0.41	42.49	44.44
1.242789809	1.263399331	0.85	11.95	11.83
1.227372442	1.239049093	0.45	14.02	14.44
1.174641193	1.205745541	1.11	1.44	1.48
1.246990699	1.274388796	1.16	10.19	10.6
1.226342087	1.251881455	1.02	14.23	14.31
1.248218561	1.269746373	0.9	3.28	4.86
1.237543738	1.278753601	1.72	4.41	4.17
1.208172527	1.219846386	0.44	1.8	1.41
1.221153322	1.226599905	0.21	1.64	1.22
1.247482261	1.254548077	0.29	20.94	21.73
1.230704314	1.23325001	0.1	7.22	11.57
1.242789809	1.24723655	0.18	2.24	1.82
1.240549248	1.260071388	0.8	17.67	17.81
1.205475037	1.232487866	1.03	8.3	8.6
1.231979027	1.248708736	0.67	63.29	65.05
1.192567453	1.187802639	-0.18	48.97	70.99
1.23325001	1.246990699	0.56	1.39	0.84
1.247482261	1.264817823	0.72	73.77	75.96
1.217747073	1.235528447	0.7	2.08	1.99
1.239799818	1.265053789	1.04	1.67	1.83
1.202215776	1.228656958	1	3.75	4.07
1.23350376	1.250175948	0.66	104.19	122.19
1.227115083	1.242541428	0.61	1.4	1.22
1.221414238	1.219060332	-0.09	1.13	0.78
1.225567713	1.244029589	0.73	28.91	29.62
1.212453961	1.204662512	-0.29	19.26	22.52
1.227372442	1.239799818	0.49	2.28	2.28
1.243286146	1.256958153	0.55	7.81	8.18
1.226084116	1.214048679	-0.46	11.33	11.13
1.232233521	1.24723655	0.6	2.01	1.56
1.234770295	1.248953615	0.57	5.27	5.58
1.218272854	1.236789099	0.71	1.67	1.56
1.230959556	1.242292905	0.45	1.22	0.54
1.221153322	1.239049093	0.7	17.67	18.28
1.241297387	1.250175948	0.36	21.79	22.41
1.236537261	1.246498581	0.41	15.24	15.24
1.243038049	1.256717746	0.55	1.54	1.35
1.248953615	1.258397804	0.39	1.58	1.81
1.213252052	1.236285277	0.89	3.24	2.75
1.234010818	1.259115844	1.02	210.79	213.88
1.242541428	1.258397804	0.65	602.99	628.57
1.217483944	1.209246849	-0.31	14.71	15.93
1.24723655	1.280350693	1.4	6.73	6.26
1.246005904	1.261976191	0.66	140.94	141.51
1.241546481	1.25163822	0.42	1.78	1.16
1.248463718	1.251881455	0.14	48.4	51.57
1.249931757	1.269979677	0.83	35.73	40.54
1.24674471	1.263872677	0.7	1.27	0.68
1.232742063	1.25358029	0.85	40.04	41.22
1.241546481	1.256717746	0.63	1.73	1.37
1.238046103	1.237794993	-0.01	1.02	1.32
1.236789099	1.254306332	0.7	68.79	73.24
1.244524512	1.265525335	0.87	77.06	85.98
1.249931757	1.256477206	0.27	73.78	78.95
1.227115083	1.259354927	1.3	142.96	144.89
1.239299479	1.259832699	0.84	15.87	17.83
1.247973266	1.265525335	0.73	1.23	1.39
1.239549721	1.255754787	0.65	53.69	54.18
1.237040791	1.26927939	1.34	1.26	0.74
1.240299582	1.249442961	0.37	1.04	0.84
1.247727833	1.261262869	0.56	1.63	1.65
1.15715444	1.189490314	1.11	6.86	6.21
1.244524512	1.261738547	0.7	1	2.04
1.246252312	1.273232834	1.12	1.69	1.9
1.249687428	1.269512944	0.82	1.1	1.06
1.24723655	1.252853031	0.23	3532.04	3605.54
1.238798563	1.282395505	1.83	2.22	1.31
1.217483944	1.242541428	0.97	4.55	4.33
1.206286044	1.221153322	0.56	49.26	51.11
1.249687428	1.2757719	1.1	253.09	256.59
1.243038049	1.268343914	1.05	27.18	28.3
1.212986185	1.241297387	1.1	66.82	67.58
1.220892249	1.25139485	1.21	1.18	1.23
1.238046103	1.251151343	0.53	1.36	0.91
1.223495941	1.229169703	0.22	1.65	1.04
1.238297068	1.249198357	0.44	8.63	8.66
1.213252052	1.233757363	0.79	3.23	2.98
1.249198357	1.258397804	0.38	259.58	266.83
1.245018871	1.260548373	0.64	132.32	144.52
1.225050696	1.224274014	-0.04	10.12	9.69
1.228656958	1.247727833	0.76	5.34	5.42
1.247973266	1.255754787	0.31	2.65	2.43
1.247973266	1.255031163	0.3	11.97	11.94
1.245512668	1.240299582	-0.21	20	21.73
1.245759356	1.261262869	0.64	9.95	10.14
1.242292905	1.249687428	0.3	301.88	314.48
1.242044239	1.255513713	0.55	5.56	5.32
1.193124598	1.220108088	1	41.29	54.38
1.18610838	1.203304916	0.62	3.62	3.44
1.243038049	1.253822439	0.44	1.42	0.93
1.229937686	1.238297068	0.32	1.79	2.07
1.219584526	1.228656958	0.35	175.25	176.52
1.249931757	1.256477206	0.27	2653.87	2694.06
1.224274014	1.235275877	0.43	7.37	7.11
1.245018871	1.250420002	0.22	26.99	27.92
1.230448921	1.249442961	0.76	1.27	0.72
1.238297068	1.227886705	-0.41	1.07	0.63
1.244771761	1.271841607	1.14	2.14	2.66
1.242541428	1.251881455	0.38	6.89	5.06
1.240299582	1.248708736	0.34	23.08	24.01
1.244029589	1.24674471	0.1	490.22	504.69
1.184691431	1.199755177	0.54	6050.06	6598.61
1.219322508	1.232233521	0.5	1.42	1.38
1.230959556	1.23578087	0.19	87.53	90.8
1.239049093	1.25163822	0.51	2.3	1.94
1.243038049	1.26599637	0.95	259.71	269.91
1.235023159	1.23299611	-0.08	170.28	185.19
1.228400359	1.235023159	0.25	42.73	43.9
1.244029589	1.274619619	1.28	1.36	2.22
1.247727833	1.244771761	-0.12	1.16	1.47
1.234517284	1.237292338	0.11	3.2	2.86
1.248708736	1.263872677	0.63	2.06	1.99
1.248953615	1.25791845	0.37	10.15	10.16
1.236789099	1.250420002	0.55	1.1	1.19
1.239299479	1.251881455	0.51	1.72	1.16
1.240299582	1.248708736	0.34	1.19	0.77
1.244524512	1.2509077	0.26	1.1	1.28
1.249687428	1.249931757	0.01	406.35	444.06
1.249931757	1.255754787	0.24	391.07	538.46
1.23578087	1.234010818	-0.07	18.31	18.57
1.239299479	1.236537261	-0.11	1.16	0.7
1.222196046	1.265289626	1.74	5.9	5.48
1.199755177	1.197004728	-0.1	1.82	1.52
1.237040791	1.260548373	0.96	3.63	3.72
1.248463718	1.253338005	0.2	1.19	0.97
1.211387553	1.219584526	0.31	2.57	2.14
1.248463718	1.254789687	0.26	18.85	19.19
1.211654401	1.22297645	0.43	36.32	38.71
1.248953615	1.276691529	1.18	1.71	2.06
1.225050696	1.23325001	0.33	1.23	0.94
1.244771761	1.259832699	0.61	5.61	5.67
1.180412633	1.201123897	0.74	4.05	4.6
1.197004728	1.223495941	0.99	11.13	11.24
1.244524512	1.242789809	-0.06	1.28	0.77
1.160468531	1.180125875	0.67	2.68	2.42
1.23146959	1.244277121	0.51	34.07	34.42
1.218535505	1.226084116	0.28	4.25	3.96
1.191171456	1.21005085	0.69	1.65	1.6
1.239049093	1.249687428	0.44	2.55	2.44
1.241546481	1.261500773	0.81	1.25	0.64
1.186956335	1.220369632	1.23	12.67	13.83
1.235023159	1.254064453	0.77	6.23	7.53
1.222456337	1.246252312	0.94	3.42	3.34
1.215373153	1.230959556	0.6	386.51	392.99
1.170848204	1.177247836	0.22	438.57	441.2
1.241546481	1.260548373	0.78	1.7	1.72
1.231724383	1.243781916	0.48	120.94	123.67
1.246005904	1.26927939	0.97	1.27	0.7
1.220369632	1.224274014	0.15	240.27	245.41
1.20167018	1.211387553	0.36	1.07	2.53
