Sim(Core)	Lobe	B Band	LogM 	R_Index	LogRF
47.2	46.7	55.9	9.3	-1.09	0.56
45.1	42.5	54.0	9.6	-1.28	2.61
41.0	40.5	50.1	8.4	-1.44	0.45
42.9	42.4	51.7	9.6	-1.19	0.47
40.5	40.1	49.3	7.4	-1.17	0.45
44.3	43.5	53.3	7.6	-1.35	0.87
43.2	42.8	51.9	9.9	-1.11	0.38
41.7	41.3	50.8	8.2	-1.43	0.46
33.9	33.5	42.7	7.4	-1.23	0.37
36.3	35.9	45.0	8.6	-1.10	0.40
41.0	40.6	49.9	8.6	-1.28	0.45
45.3	44.8	54.1	8.7	-1.20	0.50
39.7	39.3	48.9	8.2	-1.59	0.44
37.9	36.7	47.0	8.5	-1.45	1.25
43.4	42.9	52.2	8.8	-1.17	0.48
46.0	45.5	54.8	9.0	-1.12	0.51
43.9	43.5	52.5	7.5	-0.98	0.48
40.3	39.8	48.9	8.1	-1.06	0.44
48.2	46.7	57.3	7.4	-1.54	1.47
42.5	42.0	51.0	9.7	-0.97	0.47
44.7	44.1	53.8	8.7	-1.44	0.66
40.9	40.4	49.8	8.5	-1.28	0.45
44.9	44.4	53.5	10.0	-0.98	0.49
45.6	45.1	54.6	7.8	-1.39	0.50
42.6	42.1	51.3	7.6	-1.09	0.47
50.0	49.5	58.4	8.9	-0.81	0.55
40.7	40.3	49.7	9.1	-1.33	0.45
38.6	38.2	47.5	8.5	-1.24	0.43
35.2	34.8	43.9	8.3	-1.14	0.39
41.1	40.7	50.1	7.9	-1.38	0.35
43.3	42.8	51.7	10.2	-0.86	0.48
46.0	45.5	55.1	9.0	-1.49	0.51
50.0	49.6	59.0	10.1	-1.33	0.44
36.4	36.0	45.4	7.1	-1.41	0.40
39.4	38.9	48.2	6.8	-1.18	0.43
42.1	41.6	50.8	8.3	-1.14	0.46
48.5	47.4	57.1	9.0	-0.97	1.14
40.7	40.3	49.6	8.5	-1.30	0.45
41.0	40.5	49.7	9.2	-1.13	0.45
34.4	34.0	43.2	6.3	-1.15	0.38
42.4	42.3	51.0	8.5	-0.95	0.14
43.6	43.1	52.1	8.6	-0.93	0.47
45.8	45.3	54.6	8.4	-1.17	0.50
42.1	41.7	50.9	7.6	-1.17	0.34
27.1	26.8	30.8	8.2	3.92	0.30
33.5	32.4	40.6	8.4	0.51	1.16
29.2	28.9	30.4	7.7	6.39	0.32
38.2	38.0	43.6	7.6	2.18	0.18
40.1	39.6	45.3	8.1	2.41	0.44
25.6	25.4	28.7	9.4	4.52	0.28
39.2	38.8	41.9	9.2	4.96	0.43
38.8	38.4	45.2	8.9	1.15	0.43
41.6	41.1	46.0	8.9	3.13	0.46
30.9	30.6	33.2	8.2	5.33	0.34
36.2	35.8	43.4	7.8	0.38	0.40
30.3	29.9	31.7	8.5	6.16	0.33
27.9	27.5	28.0	6.8	7.44	0.31
35.6	35.2	39.2	9.2	4.05	0.39
35.9	35.3	41.8	8.9	1.78	0.64
42.7	42.5	46.4	10.3	3.87	0.20
36.3	35.9	42.0	8.7	1.93	0.40
40.5	40.0	43.9	7.8	4.25	0.45
43.0	42.5	52.0	9.9	-1.42	0.47
38.2	37.8	42.3	8.4	3.45	0.42
35.7	35.2	40.0	8.8	3.26	0.44
36.4	36.0	40.4	7.9	3.68	0.40
30.5	30.2	33.1	8.4	5.03	0.34
34.3	34.0	37.2	7.3	4.69	0.38
40.9	40.4	44.6	8.7	3.84	0.45
32.1	31.8	38.4	7.5	1.37	0.35
38.2	37.8	44.0	8.5	1.82	0.42
34.9	34.5	36.2	8.1	6.29	0.38
33.9	33.6	36.6	8.7	4.94	0.37
28.7	28.4	30.1	8.4	6.24	0.32
47.3	46.7	55.3	8.8	-0.47	0.52
24.0	23.7	28.3	7.7	3.28	0.26
29.8	29.5	32.0	9.0	5.50	0.33
25.9	25.6	30.6	7.1	2.89	0.29
38.2	37.7	41.1	8.8	4.63	0.42
37.5	37.1	45.4	8.8	-0.26	0.41
32.5	32.2	30.9	8.2	9.25	0.36
36.8	36.1	43.9	6.4	0.54	0.70
38.8	38.4	45.1	9.2	1.39	0.43
34.1	33.8	38.1	8.7	3.66	0.38
39.4	39.0	44.7	7.5	2.38	0.43
35.0	31.9	40.4	8.4	2.19	3.07
25.5	25.2	27.0	7.5	6.08	0.28
39.1	38.7	46.0	7.9	0.72	0.43
33.9	33.5	37.9	7.9	3.62	0.37
40.2	39.8	46.1	7.9	1.77	0.44
33.5	33.1	35.6	8.0	5.45	0.37
32.6	32.2	37.0	8.6	3.22	0.36
35.6	35.2	39.6	7.0	3.58	0.39
39.9	39.5	43.7	8.3	3.85	0.44
30.5	30.2	31.6	7.7	6.52	0.34
29.8	29.5	34.7	8.9	2.72	0.33
29.0	28.7	32.4	8.2	4.26	0.32
37.3	36.9	43.8	8.5	1.09	0.41
32.7	32.4	38.0	7.9	2.31	0.36
37.7	37.3	40.5	7.8	4.84	0.42
30.0	29.6	33.6	8.9	3.94	0.33
32.4	32.0	35.4	8.0	4.60	0.36
31.9	31.5	37.7	7.4	1.84	0.35
35.8	35.4	41.4	7.3	1.96	0.39
34.1	33.7	34.8	8.2	6.95	0.38
22.6	22.4	21.3	8.3	8.91	0.25
36.6	36.2	39.7	9.0	4.52	0.40
25.5	25.2	25.5	9.2	7.58	0.28
35.2	34.8	42.2	6.9	0.57	0.39
34.1	33.7	37.1	7.1	4.64	0.38
45.9	45.4	54.8	7.9	-1.34	0.50
41.6	41.1	46.6	9.1	2.54	0.46
24.5	24.2	26.8	7.8	5.28	0.27
35.3	34.9	40.0	8.0	2.88	0.39
43.1	42.7	51.0	7.9	-0.28	0.47
40.0	39.6	43.8	8.6	3.81	0.44
32.5	32.1	36.4	9.2	3.72	0.36
31.4	31.1	35.6	8.1	3.45	0.35
32.5	32.1	34.3	8.9	5.78	0.44
31.4	31.4	35.5	8.2	3.56	0.03
36.3	35.9	39.7	8.0	4.22	0.40
39.2	38.7	43.8	8.1	2.99	0.43
44.3	43.8	49.3	8.3	2.57	0.49
44.1	44.0	49.2	8.4	2.49	0.10
39.4	39.0	45.4	8.3	1.69	0.43
32.2	31.8	34.6	8.1	5.24	0.35
32.5	32.1	34.5	8.0	5.60	0.36
41.1	35.4	47.8	9.0	0.85	5.67
27.6	27.3	33.0	7.1	2.30	0.30
29.0	28.7	31.7	8.2	4.89	0.32
28.4	28.1	29.7	7.9	6.25	0.31
41.1	40.6	49.0	8.0	-0.34	0.45
44.0	43.5	51.0	7.6	0.61	0.48
42.8	42.3	52.1	8.8	-1.67	0.47
42.1	40.7	47.8	8.8	1.95	1.48
38.4	38.0	41.3	10.1	4.71	0.42
21.2	21.0	22.8	8.4	6.10	0.23
36.5	36.1	41.6	7.7	2.45	0.40
34.0	33.7	37.6	7.7	4.03	0.37
28.1	27.8	30.3	7.5	5.47	0.31
34.7	34.4	39.5	8.6	2.83	0.38
28.5	28.2	33.0	8.3	3.21	0.31
35.3	34.9	39.5	7.5	3.37	0.39
34.3	34.0	42.0	6.5	-0.10	0.38
38.7	38.3	44.7	8.7	1.62	0.43
40.3	39.8	43.5	7.6	4.33	0.44
41.6	41.2	49.3	7.2	-0.02	0.46
34.2	33.9	36.9	8.1	5.00	0.38
29.8	29.5	32.3	7.8	5.14	0.33
39.7	39.3	42.9	8.7	4.43	0.44
34.8	34.4	38.3	8.8	4.17	0.38
34.0	33.6	38.3	8.4	3.31	0.37
37.7	37.3	42.3	7.9	2.99	0.41
35.1	34.7	39.8	7.7	2.93	0.39
41.2	40.7	50.1	7.3	-1.31	0.54
20.1	19.9	19.7	8.3	8.07	0.22
26.4	26.1	27.5	7.6	6.49	0.29
34.6	34.2	37.0	8.3	5.14	0.38
29.1	28.7	31.0	8.0	5.67	0.32
29.2	28.9	31.9	8.2	4.91	0.32
37.2	36.8	38.7	7.4	6.16	0.48
35.4	35.0	37.4	9.2	5.59	0.39
30.2	29.9	34.9	8.4	2.95	0.33
37.3	36.9	42.9	8.3	2.07	0.41
25.0	24.7	25.1	7.9	7.48	0.27
36.0	35.7	43.3	6.0	0.41	0.40
35.2	34.8	42.1	7.7	0.75	0.39
23.4	23.1	23.7	7.7	7.33	0.26
35.5	35.1	37.1	8.1	5.98	0.39
35.3	34.9	38.2	9.7	4.72	0.39
31.7	31.4	34.3	7.6	5.03	0.35
43.9	43.5	50.1	8.6	1.50	0.48
36.2	35.8	38.5	8.2	5.32	0.40
34.2	33.8	35.2	8.0	6.68	0.38
28.0	27.6	30.9	7.0	4.63	0.31
31.1	31.0	30.6	10.5	8.05	0.12
32.1	31.8	35.3	7.4	4.44	0.35
31.6	31.3	33.8	7.8	5.39	0.35
30.7	30.4	33.2	7.7	5.17	0.34
33.0	32.7	36.4	8.0	4.25	0.36
25.0	24.7	24.3	8.6	8.31	0.27
27.2	25.9	33.0	6.2	1.79	1.23
36.8	36.4	42.5	9.6	1.94	0.41
34.0	33.6	36.3	8.1	5.23	0.37
33.4	33.0	37.1	8.9	3.96	0.37
36.7	36.3	44.3	8.0	-0.04	0.40
37.7	37.3	41.0	9.4	4.29	0.41
28.1	27.8	32.3	7.2	3.46	0.31
36.5	36.1	39.5	8.2	4.67	0.40
23.4	23.1	23.7	7.9	7.29	0.26
34.0	33.6	37.2	8.5	4.38	0.37
40.8	40.4	44.9	8.4	3.56	0.45
30.1	29.7	31.3	9.2	6.40	0.33
33.9	33.5	36.8	8.1	4.64	0.37
33.2	32.9	39.3	9.5	1.57	0.37
33.2	32.9	36.8	8.4	4.02	0.37
37.0	36.6	41.5	8.4	3.12	0.41