R_band	B_Band	Cor	Flux	Peak	redshift
17.19	17.1	-0.09	66.8	218.76	0.579
16.8	17.63	0.83	15.8	15.78	0.297
16.86	17.19	0.33	266.98	300.35	1.163
15.8	15.8	0	71.9	93.1	0.492
14.62	14.98	0.36	10.43	10.78	0.123
17.31	17.51	0.2	1506.51	1533.45	1.62
17.17	17.44	0.27	2.18	2.25	1.101
17.76	18.78	1.02	302.28	329.81	0.779
17.15	17.44	0.29	7.28	7.83	1.074
17.39	17.79	0.4	4.43	4.44	0.375
17.01	17.65	0.64	145.26	147.74	1.63
17.65	18.71	1.05	7.89	7.9	1.552
17.65	17.97	0.33	22.76	23.58	0.46
17.19	17.76	0.57	1.64	0.97	1.346
17.01	17.85	0.85	37.99	38.85	2.663
17.76	19.72	1.96	97.17	102.36	0.286
17.5	17.76	0.26	1.11	0.88	0.397
15.13	15.26	0.14	16.96	16.79	0.656
17.25	17.81	0.56	6.83	6.47	2.303
17.8	18.17	0.37	1.17	1.26	0.59
16.87	17.3	0.43	1.48	1.17	0.147
17.41	17.74	0.32	1.81	2.15	0.531
16.47	17.77	1.3	1.66	1.2	0.239
17.29	18.13	0.85	1.24	1.42	1.482
14.31	15.22	0.9	3.5	3.63	0.118
17.74	17.83	0.09	4.72	4.9	0.792
17.62	18.22	0.59	1.42	1.3	1.323
16.87	17.18	0.31	5.7	5.73	1.272
17.36	17.39	0.02	1.05	0.95	0.389
16.44	16.5	0.06	2051.49	2071.27	0.631
17.8	18.86	1.06	24.11	25.18	1.355
17.32	17.56	0.24	1.71	1.02	1.909
15.72	15.64	-0.08	1.02	0.81	0.252
17.63	17.78	0.15	51.66	61.83	1.46
17.67	17.7	0.04	93.72	94.9	1.697
17.22	17.5	0.28	1113.79	1244.87	1.062
16.19	17.15	0.96	32.83	33.62	1.227
15.26	15.3	0.04	614.67	632.74	0.459
17.59	17.64	0.06	98.52	126.82	0.608
17.28	17.78	0.51	1.62	1.31	0.547
17.23	17.78	0.54	3.07	2.68	1.876
17.07	18.27	1.2	2.06	1.48	0.295
17.15	18.13	0.98	15.29	15.2	3.099
15.62	16.07	0.45	1.31	0.82	0.133
17.02	17.18	0.15	2.06	2.22	1.184
15.29	15.55	0.27	1	1.16	0.912
15.93	16.82	0.89	1.13	1.27	0.082
17.11	17.54	0.43	44.75	46.47	0.796
13.9	13.87	-0.03	10.8	11.56	0.095
17.13	17.87	0.74	13.72	13.91	1.915
17.18	17.74	0.56	161.38	182.2	0.999
16.82	17.9	1.08	2.88	2.68	0.211
17.39	18.09	0.7	3.48	3.68	2.302
17.5	18.06	0.56	1.95	1.49	0.853
17.8	18.77	0.97	589.58	608.29	1.429
17.17	17.58	0.4	1.17	1.67	1.511
17.06	17.59	0.53	21.48	21.87	1.476
16.47	17.28	0.81	2.21	2.45	1.222
16.44	16.86	0.42	12.84	14.35	0.731
17.43	18	0.57	1.62	1.82	1.647
17.08	17.76	0.69	1.76	1.6	1.456
17.66	18.55	0.89	18.32	18.41	2.705
17.73	18.15	0.42	126.85	136.64	0.846
17.54	18.21	0.67	5.15	4.65	1.295
17.52	17.93	0.41	1.64	2.63	0.326
15.97	16.4	0.44	3.62	3.15	0.908
16.4	16.96	0.56	5.02	4.45	0.282
16.13	16.82	0.69	10.02	10.1	0.894
16.99	17.82	0.83	1	2.08	0.16
16.58	16.98	0.4	85.41	89.98	2.62
16.97	17.07	0.1	1.01	1.3	0.794
17.74	18.44	0.71	13.64	13.64	1.365
17.53	18.25	0.72	1.93	1.08	0.317
17.09	17.24	0.14	87.01	174.72	0.613
17.5	17.74	0.24	1403.96	1456.09	1.217
17.64	17.95	0.31	4.59	5.11	0.76
16.3	17.09	0.79	835.48	885.66	0.94
15.47	16.56	1.1	11.78	11.73	0.092
17.04	17.84	0.79	1.64	1.73	0.226
17.76	17.77	0.01	27.22	29.88	1.42
15.76	16.04	0.28	1.84	1.76	0.33
17.49	17.42	-0.07	300.48	304.39	0.761
17.25	17.81	0.55	424.23	443.13	1.298
17.4	17.8	0.41	422.63	446.21	1.125
16.2	17.53	1.34	1.63	1	1.23
16.18	16.88	0.7	6.01	5.66	1.78
17.24	18.11	0.87	2.57	2.17	0.4
16.4	17.17	0.77	1.58	1.38	0.52
17.7	18.86	1.15	184.89	185.49	3.172
17.23	17.46	0.24	1.69	1.2	0.454
17.13	17.73	0.6	1.71	1.55	0.361
16.35	16.54	0.2	1.02	1.26	0.66
17.22	17.61	0.39	71.73	72.97	0.921
17.4	17.59	0.19	1.09	0.78	0.45
17.08	17.43	0.36	20.69	21.29	2.338
16.8	17.04	0.24	2.67	2.38	0.516
16.7	17.69	0.99	1.52	1.71	3.29
17.73	18.55	0.82	32	32.35	3.086
17.57	17.92	0.35	1.73	1.26	0.518
17.63	19.38	1.75	1.29	0.84	0.29
16.86	16.87	0.02	34.28	39.24	1.12
16.87	17.2	0.33	105.35	107.31	2.244
17.46	17.64	0.18	190.44	195.06	1.219
17.54	17.86	0.32	1.25	0.88	0.259
17.66	17.57	-0.09	8.57	17.49	0.784
16.64	17.56	0.93	1.81	1.5	0.266
17.78	19.26	1.48	7.84	7.46	2.92
17.22	17.2	-0.02	250.93	265.93	2.158
17.38	18.18	0.81	202.6	207.22	2.743
17.63	18.04	0.41	16.98	17.8	1.737
16.74	17.43	0.7	1.22	0.88	0.183
17.16	17.99	0.83	2.06	2.09	1.58
17.63	17.95	0.31	2	2.01	0.538
16.8	17.2	0.4	26.7	27	0.688
17.46	17.64	0.17	8.1	8.33	0.72
17.68	19.13	1.45	3.99	4.33	3.344
17.64	17.99	0.35	8.83	9.41	1.645
17.32	17.56	0.24	4.11	3.35	1.032
17.74	18.01	0.26	13.08	13.27	1.344
17.09	17.23	0.14	9.16	9.3	0.471
17.61	17.91	0.3	43.19	43.43	1.915
16.61	16.66	0.05	1.4	0.94	0.543
17.49	18.03	0.53	4.85	4.97	1.121
17.78	18.25	0.47	4.26	3.91	0.385
17.64	19.56	1.92	2.2	2.44	3.071
17.45	18.52	1.07	119.85	120.71	3.425
17.43	17.83	0.39	4.68	4.41	2.419
17.19	17.89	0.7	3.87	5.75	1.097
17.79	17.83	0.03	20.93	21.55	1.113
17.08	17.56	0.48	1.54	2.1	0.492
17.17	17.33	0.16	27.45	28.3	1.151
16.95	17.96	1.01	27.15	28.51	0.21
16.38	17.44	1.06	3.6	3.21	0.18
17.28	17.63	0.35	2.45	2.65	0.452
17.65	18.32	0.67	1.12	0.93	0.188
17.72	18.73	1.01	62.16	63.3	0.819
16.77	17.57	0.8	1.73	2.02	1.013
17.23	17.82	0.6	1.04	0.91	1.774
17.78	18.14	0.36	1.39	2.12	0.461
17.22	18.19	0.97	11.16	11.86	0.987
17.24	18.54	1.3	1.25	1.83	0.116
16.89	17.65	0.76	3.54	3.63	1.748
16.92	17.21	0.28	1.41	1.56	0.403
17.18	18.15	0.97	26.33	31.69	1.018
17.26	18.29	1.03	1.01	1.18	2.611
16.86	17.58	0.71	1.04	1.2	1.453
16.98	17.57	0.59	1439.97	1537.07	1.247
15.79	16.73	0.94	28.12	28.52	0.309
16.2	16.24	0.04	1.48	2.03	1.245
16.85	17.63	0.78	1.16	1.11	0.22
16.57	16.77	0.2	32.49	34.61	0.97
16.67	17.17	0.5	18.13	19.83	1.213
16.62	16.83	0.21	128.43	131.85	1.574
16.87	17.49	0.62	4.97	4.45	0.917
17.03	17.16	0.13	35.73	36.61	2.499
17.13	17.36	0.23	9.28	9.71	1.62
16.11	16.93	0.82	1041.77	1069.98	0.709
17.63	18.47	0.84	136.1	140.49	1.995
15.74	15.56	-0.18	1204.19	1228.71	0.533
16.95	18.05	1.1	14.55	14.85	1.469
17.6	17.46	-0.13	3.41	3.4	0.544
17.64	17.98	0.33	79.49	82.16	1.202
16.79	18.21	1.42	5.58	5.3	0.205
16.97	16.89	-0.08	9.09	9	0.83
17.32	17.84	0.52	6.75	6.76	1.283
17.59	17.77	0.18	1.15	0.96	0.74
16.72	17.53	0.8	19.92	19.79	1.255
17	18.02	1.02	33.93	36.95	0.979
16.36	16.9	0.54	3.4	2.66	0.162
16.67	17.85	1.18	1.29	1.07	0.317
17.17	17.29	0.11	13.83	13.3	0.549
16.93	17.85	0.93	33.01	34.77	3.125
16.13	16.48	0.35	1.54	0.99	0.255
16.09	16.23	0.14	258.74	340.26	0.613
17.26	17.3	0.04	172.71	196.33	2.26
17.45	18.07	0.62	26.45	27.61	1.022
17.49	18	0.51	208.11	208.02	2.642
17	17.67	0.67	1.09	1.08	0.273
15.92	16.65	0.73	500.27	517.34	1.634
17.16	17.7	0.54	29.51	29.85	0.846
17.73	17.61	-0.12	3.28	3.2	2.127
17.43	18.09	0.66	571.31	582.58	1.231
17.43	17.23	-0.2	32.69	34.78	0.385
15.75	16.61	0.86	2.27	2.44	0.109
17.74	18.73	0.99	2.71	2.38	0.826
16.82	17.05	0.23	317.1	392.03	1.407
17.03	18.76	1.73	1.43	1.41	3.115
16.8	17.46	0.66	907.01	919.28	1.32
16.4	17.15	0.75	41.28	57.53	0.607
16.9	17.51	0.61	807.88	1078.67	1.252
17.56	18.08	0.52	8.29	8.31	0.549
17.35	17.98	0.63	62.13	65.13	1.33
16.15	17.11	0.96	1.07	0.82	0.406
17.09	18.33	1.24	1.74	1.82	0.34
17.48	18.31	0.84	3.03	2.54	2.071
16.16	17.14	0.97	47.56	49.15	0.691
15.37	16.27	0.9	58.74	63.45	0.178
17.73	18.66	0.92	2.45	2.03	1.082
17.65	18.44	0.79	406.68	432.65	1.12
16.02	16.45	0.43	2.06	2.23	0.169
17.33	17.1	-0.23	23.03	22.88	1.955
17.68	17.71	0.03	34.87	36.63	0.68
16.41	16.29	-0.12	52.76	54.26	1.508
16.87	17.57	0.7	97.26	118.51	2.004
17.79	17.5	-0.29	26.23	26.71	1.592
17.1	17.14	0.04	17.47	17.46	0.73
16.93	18.92	1.99	1.19	1.43	0.055
17.46	18.67	1.22	2.76	2.44	0.22
17.63	18.64	1	53.61	116.94	1.173
17.55	17.96	0.41	11.39	11.8	2.638
16.51	17.23	0.72	14.61	15	0.701
17.17	17.86	0.68	8.74	9.86	1.128
17.05	17.24	0.19	35.95	35.93	1.198
16.66	17.6	0.93	1.56	1.67	0.45
17.54	18.22	0.68	2.66	2.49	0.388
17.47	18.65	1.17	32.86	33.01	0.729
17.72	17.81	0.08	1.51	0.97	1.062
17.4	18.43	1.03	4.95	5.53	0.216
17	17.95	0.95	10.35	10.27	0.398
16.7	16.89	0.19	12.81	13.41	1.408
17.44	18.2	0.76	1	1.29	1.089
17.78	18.47	0.69	1.73	1.53	2.255
17.44	18.07	0.63	47.4	52.59	1.402
16.93	18.38	1.45	2.99	3.02	2.4
16.82	17.56	0.74	2.79	3.15	0.253
16.99	18.67	1.68	9.07	9.06	0.492
17.37	17.79	0.42	13.99	15.18	1.43
17.58	18	0.42	10.4	11.1	1.51
16.82	17.37	0.55	19.43	20.9	0.387
17.53	18.49	0.96	13.84	14.87	1.332
17.48	18.55	1.07	1.45	1.29	2.49
17.44	17.75	0.31	107.39	117.78	1.746
16.99	17.81	0.82	11.82	15.23	0.559
17.45	18.19	0.74	1.57	1.61	1.674
16.5	17.45	0.96	46.17	48.36	1.741
17.21	18.78	1.57	2.05	1.79	0.453
17.35	17.7	0.35	107.68	108.99	0.387
15.66	17.2	1.53	5.33	5.42	0.074
16.49	17.15	0.66	1.69	1.92	1.638
16.56	17.18	0.62	3.03	2.82	0.243
17.71	17.91	0.21	10.87	10.31	0.718
17.79	18.7	0.91	1.9	1.7	0.382
17.31	17.98	0.67	20.08	22.77	1.522
17.62	18.37	0.76	1.14	0.88	0.849
17.75	17.89	0.14	25.67	26.01	1.437
17.55	18.25	0.7	15.32	17.27	1.178
17.25	17.27	0.02	2.25	1.94	0.982
17.72	18.17	0.45	7.75	7.17	1.829
17.33	17.65	0.32	2.39	2.21	0.842
17.7	18.15	0.45	10.44	10.57	1.188
17.78	18.12	0.35	11.81	11.75	0.73
17.06	17.31	0.24	90.58	92.75	0.422
17.4	18.2	0.8	100.54	100.76	1.629
16.58	16.56	-0.02	1.09	0.9	0.813
17.08	18.19	1.11	12.64	12.87	1.448
16.35	16.73	0.38	10.06	10.02	1.809
17.34	18.03	0.69	24.72	38.13	1.525
16.3	17.12	0.83	1.14	1.1	0.156
16.19	16.72	0.53	2.18	1.86	0.378
17.06	17.45	0.39	12.85	13.17	0.829
17.2	17.85	0.66	1.73	1.39	1.645
17.63	18.8	1.16	150.88	156.62	3.036
17.51	18.02	0.51	1.11	1.77	2.89
17.43	17.93	0.5	6.21	6	1.172
17.44	16.75	-0.69	20.7	20.54	0.399
15.85	16.15	0.3	1.86	2.09	1.53
17.65	17.5	-0.15	11.37	10.92	0.922
15.45	16.18	0.73	2	2.72	0.243
17.59	17.77	0.18	1.07	0.85	1.048
17.13	17.59	0.45	16.15	17.82	1.295
16.63	17.14	0.51	9.73	9.58	0.512
16.67	17.1	0.44	3.34	2.89	0.818
17.48	17.68	0.2	1.28	0.96	0.688
17.21	17.14	-0.07	306.09	847.49	0.614
17.29	17.32	0.03	30.31	31.21	0.714
15.64	16.06	0.42	5.38	4.89	0.795
16	16.73	0.72	1.66	1.27	0.192
17.58	18.27	0.68	1.15	1.66	1.023
16.47	17.15	0.67	1.91	1.81	1.49
17.07	17.41	0.34	2.33	2.17	1.013
17.07	17.48	0.41	13.98	14.36	1.41
17.04	17.45	0.41	100.26	101.5	0.837
14.74	15.86	1.12	2.74	1.78	0.141
16.54	17.58	1.04	34.77	37.12	0.314
16.92	17.43	0.52	294.5	303.72	0.87
16.67	16.98	0.31	48.24	51.3	0.549
16.52	17.53	1.01	2.65	3.21	1.218
17.46	19.16	1.7	5.73	5.63	3.077
17.77	18.71	0.94	6.62	7.2	1.56
17.45	17.91	0.47	98.64	229.85	1.49
16.46	18	1.54	13.96	14.22	3.124
16.41	17.05	0.64	21.6	22.76	1.018
16.89	17.18	0.29	6.16	6.57	0.717
15.02	15.5	0.48	10.93	10.79	0.336
16.49	16.87	0.38	391.6	656.16	1.304
17.39	18.07	0.68	6.65	6.58	0.85
16.93	17.3	0.37	29.02	32.92	0.374
15.75	16.18	0.43	187.17	190.31	1.389
17	18.19	1.2	122.66	130.32	1.227
16.5	17.12	0.62	61.74	63.2	1.336
17.5	18.21	0.7	1.4	1.07	1.53
17.38	17.79	0.4	6.75	6.75	1.317
17.66	19.26	1.6	16.71	18.14	0.349
17.12	17.81	0.7	4.1	3.98	2.456
17.03	18.17	1.14	1.53	1.41	0.324
17.37	18.19	0.82	2.22	2.01	0.21
16.05	17	0.94	1855.8	1952.59	0.724
15.21	16.45	1.24	2.03	1.46	1.7
17.23	17.35	0.12	61.67	63.84	0.478
17.31	17.46	0.15	16.29	17.24	1.194
16.26	17.16	0.9	6.24	5.57	1.129
17.52	18.44	0.92	6.32	6.59	1.806
17.77	18.63	0.86	2.23	2.07	0.208
17.61	18.14	0.53	1.22	1.37	1.736
17.48	18.04	0.56	8.07	8.13	1.208
16.65	16.99	0.34	1.66	1.95	0.145
17.73	18.37	0.64	1.95	2.13	1.722
16.34	16.57	0.23	19.15	22.04	0.388
16.59	16.97	0.39	1372.84	1417.99	1.6
15.87	17.03	1.16	2.61	2.9	0.698
17.55	17.08	-0.47	2.15	1.78	0.516
16.76	17.37	0.62	8.69	8.67	0.3
17.51	17.76	0.25	183.25	188.85	2.605
16.32	16.49	0.17	2.02	2.23	0.376
16.83	17.51	0.68	1.46	0.82	1.126
17.54	17.79	0.26	39.84	41.56	0.415
17.19	17.65	0.45	4.35	7.59	1.274
16.16	16.32	0.16	3.86	5.69	2.043
15.96	16.65	0.69	6.87	8.32	0.268
16.35	17.01	0.66	1.49	2.81	0.242
16.82	18.75	1.93	6.54	6.42	0.137
15.51	15.88	0.37	315.34	323.78	2.199
16.41	16.82	0.42	2.42	1.99	1.569
17.26	17.99	0.73	1.18	1.89	1.226
15.93	16.7	0.77	93.78	97.85	1
14.87	15.96	1.09	3.5	3.68	0.131
17.58	18.1	0.52	2.66	2.54	0.794
17.4	18.05	0.66	3.7	3.72	0.898
17.45	18.69	1.24	1.14	2.65	0.982
16.21	16.84	0.63	1.09	0.74	2.013
17.27	17.77	0.5	510.65	547.28	1.34
17.27	17.6	0.33	16.25	16.97	0.55
17.65	19.25	1.59	1.12	1.15	0.235
17.8	18.65	0.85	56.64	65.61	1.318
16.35	16.83	0.48	30.16	32.36	0.829
17.56	18.16	0.6	1.44	2.18	0.478
16.6	17.15	0.55	1.88	1.23	0.709
17.14	17.97	0.82	77.07	132.09	0.947
16.75	18.61	1.86	2.36	2.93	0.206
17.71	18.36	0.65	70.33	73.42	1.705
16.97	17.37	0.41	1.37	0.76	0.824
17.49	17.72	0.23	60.91	61.78	2.573
16.42	16.71	0.29	1.76	1.6	0.782
16.97	17.89	0.92	2.05	2.1	0.419
17.39	17.75	0.36	43.38	44.17	1.487
17.64	18.4	0.76	690.34	716.97	0.71
17.58	18.49	0.91	10.8	14.08	1.26
16.69	17.47	0.78	4.16	3.71	1.185
17.4	18.42	1.02	15.55	21.48	1.88
16.1	16.91	0.81	10.56	12.25	1.377
17.07	17.74	0.66	192.1	195.64	0.646
17.56	18	0.44	7.38	7.31	0.992
17.59	18.38	0.79	17.22	20.99	1.29
16.33	17.08	0.75	1.52	0.99	1.916
17.07	18.15	1.08	10.48	10.15	1.333
17.12	17.51	0.38	22.21	23.56	0.604
15.71	16.06	0.35	4.45	3.77	0.447
17.59	18.33	0.75	4.46	4.52	0.396
17.23	18.07	0.84	32.19	33.45	1.157
17.24	18.01	0.77	1.2	1.1	1.402
17.24	17.87	0.64	1.72	1.81	1.957
17.64	18.05	0.41	1.99	2.13	0.699
17.73	18.12	0.38	17.23	17.77	1.78
16.47	17.08	0.61	243.42	245.97	1.65
17.2	17.41	0.2	1.2	1.53	1.272
16.95	17.84	0.89	43.27	44.12	1.508
15.17	15.86	0.7	43.92	44.72	0.183
16.73	17.1	0.38	2.48	2.44	0.656
17.49	18.26	0.77	7.53	7.22	1.094
17.65	18.46	0.81	7.07	7.3	1.92
17.8	18.59	0.79	473.47	614.98	1.56
17.52	17.98	0.46	22.35	23.51	0.924
17.68	17.73	0.05	8.73	8.43	1.135
16.57	17.02	0.45	2.62	1.81	0.844
17.23	18.24	1.01	101.01	102.01	2.982
15.99	17.97	1.99	1.54	2.73	0.145
17.49	18.77	1.27	99.39	100.53	1.528
17.4	18.87	1.47	4.89	4.41	2.357
16.94	17.61	0.67	1.31	0.84	0.356
17.35	17.89	0.54	1.55	0.89	1.358
17.04	17.76	0.72	1.75	1.07	0.389
17.06	18.17	1.11	46.87	46.94	1.201
17.67	18.56	0.88	1.4	1.24	0.387
17.07	17.92	0.85	16.32	22.46	0.99
17.48	18.52	1.03	6.48	6.19	1.051
16.52	18.23	1.72	6826.39	6999.01	1.055
16.89	17.23	0.34	14777.96	15023.95	0.848
17.32	18.17	0.84	6.61	6.8	1.048
17.21	17.61	0.4	16.63	17.5	0.679
17.35	18.03	0.67	15.26	16.09	1.639
17.2	18.3	1.1	2.47	1.95	0.225
16.84	17.84	1	13.17	13.31	1.765
17.26	17.78	0.52	21.27	22.39	1.311
8.1	9.17	1.07	1.68	2.47	0.02
17.14	18.76	1.62	1.33	1.61	0.218
16.99	17.57	0.58	17.89	18.99	1.327
17.62	18.17	0.54	52.49	57.42	0.78
16.32	16.73	0.41	24.5	25.42	1.106
17.57	18.09	0.53	65.57	68.41	1.04
16.18	16.81	0.63	217.37	246.65	0.905
17.46	18.14	0.69	11.51	11	1.468
17.55	17.86	0.31	13.9	14.62	2.253
17.39	17.83	0.44	1.19	0.67	0.962
17.67	18.36	0.69	845.79	853.81	1.844
17.74	18.75	1.01	17.2	18.7	0.39
17.7	18.52	0.82	1.24	1.37	0.247
17.54	19.17	1.63	1.11	1.99	0.41
15.78	16.23	0.45	15.42	15.88	0.118
17.51	17.67	0.16	72.45	78.07	2.464
17.49	17.83	0.34	22.49	23.53	1.865
17.51	17.3	-0.2	77.34	123.44	1.39
14.7	15.41	0.71	1.7	1.57	0.286
17.2	17.72	0.52	22.35	23.63	0.307
17.63	18.06	0.42	16.36	16.38	0.795
17.26	18.16	0.9	1.74	1.54	0.302
16.23	16.71	0.48	23.47	24.31	0.691
17.26	17.98	0.72	44.2	45.04	1.044
17.69	18.76	1.07	1.82	1.17	0.33
17.35	18.58	1.23	1.55	2.02	0.324
17.06	17.57	0.52	2.15	2.1	0.525
17.77	17.85	0.09	1.18	2.2	0.241
16.08	16.78	0.71	1.04	1.5	0.213
17.13	18.71	1.57	1.02	1.23	0.168
16.98	17.26	0.28	5.21	4.91	0.713
15.37	15.78	0.42	1.19	0.75	0.165
17.19	17.34	0.15	1.18	0.74	0.164
16.16	17.16	1	67.51	67.69	0.867
17.03	18.44	1.41	2.91	2.87	1.215
17.3	19	1.69	3.34	3.21	0.842
15.26	16.58	1.32	3.59	3.02	0.131
15.38	15.64	0.27	8.85	9.19	0.945
17.67	17.51	-0.16	4	4.09	0.57
16.54	17.4	0.86	71.17	72.31	0.886
17.6	18.4	0.8	17.79	18.74	2.81
17.43	18.33	0.9	406.3	409.69	2.36
17.69	18.44	0.76	2.94	2.6	2.297
17.73	18.57	0.84	29.33	30.53	0.921
17.51	17.93	0.42	43.26	48.27	0.921
17.49	17.72	0.23	1.02	2.61	0.903
15.98	16.37	0.39	1.73	1.25	0.421
16.11	16.3	0.19	7.39	7.37	0.377
17.06	18.28	1.23	1.17	0.99	0.84
16.78	18.24	1.47	1.27	1.17	2.2
17.73	18.74	1.02	94.32	97.91	0.49
16.76	16.87	0.11	4.73	5.21	2.181
17.1	17.51	0.41	46.79	48.74	0.538
17.14	17.47	0.32	412.83	425.66	0.685
7.25	8.38	1.13	2.53	6.41	0.035
16.34	16.58	0.24	8.71	8.16	1.903
17.06	17.64	0.58	121.14	320.88	0.654
17.05	17.78	0.73	26.26	26.66	0.665
17.03	17.49	0.46	1.03	0.77	1.033
17.65	19.09	1.44	21.6	22.55	0.164
17.68	19.05	1.37	2.58	2.98	1.17
15.79	15.79	0	42.72	44.67	0.368
17.64	18.37	0.72	1.79	1.94	1.319
17.54	17.73	0.2	6.82	6.75	0.445
17.13	18.2	1.07	359.79	382.67	2.91
17.41	18.13	0.72	1.33	1.26	1.377
15.66	16.63	0.97	207.87	210.04	1.217
16.63	17.04	0.42	88.27	91.21	0.408
17.2	18.52	1.31	4.56	4.07	1.092
16.43	16.76	0.33	1.22	0.65	0.704
17.35	18.06	0.71	257.11	261.66	1.963
17.07	18.19	1.12	1.94	1.83	1.483
17.01	18.46	1.45	1.43	1.67	0.1
17.64	18.59	0.96	7.84	9.45	1.373
17.49	17.46	-0.02	34.25	35.08	1.043
17.75	18.05	0.29	60.37	60.32	1.366
17.49	17.71	0.22	16.53	53.48	0.537
17.74	18.73	0.99	1.01	0.74	0.737
17.74	18.69	0.95	4.2	4.2	1.326
17.6	18.18	0.59	22.48	24.27	1.646
17.03	17.18	0.15	54.22	56.71	1.021
17.73	18.27	0.54	5.71	5.44	1.763
17.04	17.46	0.41	42.49	44.44	1.252
17.49	18.34	0.85	11.95	11.83	1.273
16.88	17.34	0.45	14.02	14.44	0.659
14.95	16.06	1.11	1.44	1.48	0.113
17.66	18.81	1.16	10.19	10.6	1.22
16.84	17.86	1.02	14.23	14.31	0.279
17.71	18.61	0.9	3.28	4.86	0.614
17.28	19	1.72	4.41	4.17	1.14
16.15	16.59	0.44	1.8	1.41	0.626
16.64	16.85	0.21	1.64	1.22	2.522
17.68	17.97	0.29	20.94	21.73	2.783
17.01	17.11	0.1	7.22	11.57	0.635
17.49	17.67	0.18	2.24	1.82	0.404
17.4	18.2	0.8	17.67	17.81	0.465
16.05	17.08	1.03	8.3	8.6	0.435
17.06	17.73	0.67	63.29	65.05	1.545
15.58	15.41	-0.18	48.97	70.99	0.369
17.11	17.66	0.56	1.39	0.84	0.208
17.68	18.4	0.72	73.77	75.96	1.368
16.51	17.2	0.7	2.08	1.99	0.269
17.37	18.41	1.04	1.67	1.83	1.344
15.93	16.93	1	3.75	4.07	0.657
17.12	17.79	0.66	104.19	122.19	1.198
16.87	17.48	0.61	1.4	1.22	0.993
16.65	16.56	-0.09	1.13	0.78	0.447
16.81	17.54	0.73	28.91	29.62	1.652
16.31	16.02	-0.29	19.26	22.52	0.951
16.88	17.37	0.49	2.28	2.28	2.035
17.51	18.07	0.55	7.81	8.18	0.753
16.83	16.37	-0.46	11.33	11.13	0.631
17.07	17.67	0.6	2.01	1.56	2.465
17.17	17.74	0.57	5.27	5.58	1.025
16.53	17.25	0.71	1.67	1.56	1.478
17.02	17.47	0.45	1.22	0.54	0.895
16.64	17.34	0.7	17.67	18.28	2.506
17.43	17.79	0.36	21.79	22.41	1.894
17.24	17.64	0.41	15.24	15.24	0.971
17.5	18.06	0.55	1.54	1.35	0.457
17.74	18.13	0.39	1.58	1.81	1.098
16.34	17.23	0.89	3.24	2.75	0.318
17.14	18.16	1.02	210.79	213.88	1.047
17.48	18.13	0.65	602.99	628.57	0.971
16.5	16.19	-0.31	14.71	15.93	0.518
17.67	19.07	1.4	6.73	6.26	0.322
17.62	18.28	0.66	140.94	141.51	0.479
17.44	17.85	0.42	1.78	1.16	0.422
17.72	17.86	0.14	48.4	51.57	1.424
17.78	18.62	0.83	35.73	40.54	1.5
17.65	18.36	0.7	1.27	0.68	0.375
17.09	17.93	0.85	40.04	41.22	2.686
17.44	18.06	0.63	1.73	1.37	0.566
17.3	17.29	-0.01	1.02	1.32	1.155
17.25	17.96	0.7	68.79	73.24	1.74
17.56	18.43	0.87	77.06	85.98	0.946
17.78	18.05	0.27	73.78	78.95	1.116
16.87	18.17	1.3	142.96	144.89	1.655
17.35	18.19	0.84	15.87	17.83	0.934
17.7	18.43	0.73	1.23	1.39	0.809
17.36	18.02	0.65	53.69	54.18	2.026
17.26	18.59	1.34	1.26	0.74	0.328
17.39	17.76	0.37	1.04	0.84	1.17
17.69	18.25	0.56	1.63	1.65	1.044
14.36	15.47	1.11	6.86	6.21	0.097
17.56	18.27	0.7	1	2.04	1.722
17.63	18.76	1.12	1.69	1.9	1.711
17.77	18.6	0.82	1.1	1.06	1.632
17.67	17.9	0.23	3532.04	3605.54	1.404
17.33	19.16	1.83	2.22	1.31	0.316
16.5	17.48	0.97	4.55	4.33	0.295
16.08	16.64	0.56	49.26	51.11	1.532
17.77	18.87	1.1	253.09	256.59	2.453
17.5	18.55	1.05	27.18	28.3	0.937
16.33	17.43	1.1	66.82	67.58	1.284
16.63	17.84	1.21	1.18	1.23	0.138
17.3	17.83	0.53	1.36	0.91	0.968
16.73	16.95	0.22	1.65	1.04	1.165
17.31	17.75	0.44	8.63	8.66	0.907
16.34	17.13	0.79	3.23	2.98	1.618
17.75	18.13	0.38	259.58	266.83	0.867
17.58	18.22	0.64	132.32	144.52	1.117
16.79	16.76	-0.04	10.12	9.69	2.521
16.93	17.69	0.76	5.34	5.42	1.582
17.7	18.02	0.31	2.65	2.43	1.313
17.7	17.99	0.3	11.97	11.94	0.271
17.6	17.39	-0.21	20	21.73	0.395
17.61	18.25	0.64	9.95	10.14	1.628
17.47	17.77	0.3	301.88	314.48	2.673
17.46	18.01	0.55	5.56	5.32	0.326
15.6	16.6	1	41.29	54.38	1.021
15.35	15.97	0.62	3.62	3.44	0.822
17.5	17.94	0.44	1.42	0.93	1.692
16.98	17.31	0.32	1.79	2.07	1.516
16.58	16.93	0.35	175.25	176.52	2.341
17.78	18.05	0.27	2653.87	2694.06	1.811
16.76	17.19	0.43	7.37	7.11	0.765
17.58	17.8	0.22	26.99	27.92	1.11
17	17.76	0.76	1.27	0.72	0.143
17.31	16.9	-0.41	1.07	0.63	1.438
17.57	18.7	1.14	2.14	2.66	2
17.48	17.86	0.38	6.89	5.06	1.003
17.39	17.73	0.34	23.08	24.01	1.263
17.54	17.65	0.1	490.22	504.69	1.725
15.3	15.84	0.54	6050.06	6598.61	0.595
16.57	17.07	0.5	1.42	1.38	1.38
17.02	17.21	0.19	87.53	90.8	0.145
17.34	17.85	0.51	2.3	1.94	2.725
17.5	18.45	0.95	259.71	269.91	0.797
17.18	17.1	-0.08	170.28	185.19	0.584
16.92	17.18	0.25	42.73	43.9	2.316
17.54	18.82	1.28	1.36	2.22	0.281
17.69	17.57	-0.12	1.16	1.47	0.59
17.16	17.27	0.11	3.2	2.86	0.405
17.73	18.36	0.63	2.06	1.99	1.239
17.74	18.11	0.37	10.15	10.16	1.747
17.25	17.8	0.55	1.1	1.19	1.327
17.35	17.86	0.51	1.72	1.16	0.706
17.39	17.73	0.34	1.19	0.77	0.579
17.56	17.82	0.26	1.1	1.28	0.992
17.77	17.78	0.01	406.35	444.06	1.925
17.78	18.02	0.24	391.07	538.46	0.794
17.21	17.14	-0.07	18.31	18.57	0.775
17.35	17.24	-0.11	1.16	0.7	0.796
16.68	18.42	1.74	5.9	5.48	0.197
15.84	15.74	-0.1	1.82	1.52	0.163
17.26	18.22	0.96	3.63	3.72	0.653
17.72	17.92	0.2	1.19	0.97	0.666
16.27	16.58	0.31	2.57	2.14	0.063
17.72	17.98	0.26	18.85	19.19	0.918
16.28	16.71	0.43	36.32	38.71	1.07
17.74	18.91	1.18	1.71	2.06	0.312
16.79	17.11	0.33	1.23	0.94	0.837
17.57	18.19	0.61	5.61	5.67	0.307
15.15	15.89	0.74	4.05	4.6	0.208
15.74	16.73	0.99	11.13	11.24	0.083
17.56	17.49	-0.06	1.28	0.77	0.65
14.47	15.14	0.67	2.68	2.42	0.11
17.04	17.55	0.51	34.07	34.42	1.536
16.54	16.83	0.28	4.25	3.96	0.751
15.53	16.22	0.69	1.65	1.6	0.434
17.34	17.77	0.44	2.55	2.44	0.167
17.44	18.26	0.81	1.25	0.64	0.28
15.38	16.61	1.23	12.67	13.83	0.579
17.18	17.95	0.77	6.23	7.53	1.197
16.69	17.63	0.94	3.42	3.34	0.332
16.42	17.02	0.6	386.51	392.99	0.283
14.82	15.04	0.22	438.57	441.2	0.205
17.44	18.22	0.78	1.7	1.72	0.828
17.05	17.53	0.48	120.94	123.67	1.094
17.62	18.59	0.97	1.27	0.7	0.768
16.61	16.76	0.15	240.27	245.41	1.391
15.91	16.27	0.36	1.07	2.53	0.356